Data_3_round_1_rsrp = [-81 -78 -78 -78 -76 -76 -76 -76 -76 -73 -73 -73 -73 -73 -73 -73 -72 -72 -72 -72 -72 -72 -72 -72 -72 -72 -72 -72 -72 -72 -72 -72 -72 -72 -72 -72 -72 -72 -72 -72 -72 -72 -72 -72 -72 -75 -75 -75 -75 -75 -75 -75 -75 -75 -75 -75 -75 -75 -75 -75 -75 -75 -75 -76 -76 -76 -76 -76 -77 -77 -77 -77 -81 -81 -77 -77 -77 -77 -77 -77 -77 -77 -77 -77 -77 -77 -77 -77 -77 -77 -77 -73 -73 -73 -73 -73 -73 -73 -73 -73 -73 -73 -71 -71 -76 -76 -76 -72 -72 -72 -78 -78 -76 -76 -76 -76 -73 -73 -73 -73 -73 -73 -73 -73 -73 -73 -73 -73 -73 -73 -73 -73 -73 -73 -73 -73 -73 -73 -73 -73 -73 -73 -73 -73 -73 -73 -73 -73 -73 -73 -73 -76 -76 -76 -76 -76 -76 -76 -76 -76 -76 -76 -76 -76 -76 -76 -74 -74 -74 -74 -74 -74 -74 -74 -74 -74 -74 -74 -74 -74 -74 -74 -74 -74 -74 -74 -74 -74 -74 -74 -73 -73 -73 -73 -73 -73 -73 -73 -73 -74 -74 -74 -74 -74 -74 -73 ];
Data_3_round_2_rsrp = [-71 -71 -71 -71 -71 -71 -71 -71 -71 -71 -71 -71 -71 -71 -71 -71 -71 -71 -71 -71 -71 -71 -71 -71 -71 -71 -71 -71 -71 -71 -71 -71 -71 -71 -71 -71 -71 -71 -71 -71 -71 -71 -71 -71 -71 -71 -76 -76 -76 -76 -76 -74 -74 -74 -74 -74 -74 -74 -74 -74 -74 -74 -74 -74 -74 -74 -79 -79 -79 -79 -79 -79 -79 -79 -79 -79 -79 -79 -79 -79 -79 -79 -79 -79 -79 -79 -79 -79 -79 -79 -79 -79 -79 -79 -79 -79 -79 -79 -79 -69 -69 -69 -69 -72 -72 -72 -72 -72 -72 -72 -72 -72 -72 -75 -75 -75 -72 -72 -72 -72 -72 -72 -72 -72 -72 -72 -72 -72 -72 -72 -72 -72 -72 -72 -72 -72 -72 -72 -72 -72 -72 -72 -72 -72 -72 -72 -72 -72 -72 -72 -77 -77 -77 -77 -77 -78 -78 -78 -78 -77 -77 -77 -77 -77 -77 -77 -77 -77 -77 -77 -77 -77 -77 -77 -77 -77 -77 -77 -77 -77 -76 -76 -76 -76 -76 -76 -76 -76 -76 -76 -76 -73 -73 -73 -73 -73 -73 -73 -73 -73 -73 -74 -74 -76 -76 -76 -76 -76 ];
Data_3_round_3_rsrp = [-76 -76 -75 -75 -75 -74 -74 -73 -73 -73 -72 -72 -72 -72 -72 -72 -72 -72 -72 -72 -72 -72 -71 -71 -71 -71 -71 -71 -71 -71 -71 -71 -71 -68 -68 -71 -71 -71 -71 -71 -71 -71 -71 -71 -71 -76 -76 -75 -75 -75 -75 -73 -73 -75 -75 -75 -75 -75 -75 -75 -75 -75 -75 -75 -75 -75 -75 -78 -78 -78 -78 -78 -78 -78 -78 -78 -78 -78 -78 -78 -78 -78 -75 -75 -75 -75 -75 -75 -75 -75 -75 -75 -75 -75 -75 -75 -75 -75 -75 -75 -75 -75 -75 -75 -75 -75 -75 -75 -71 -71 -73 -73 -73 -73 -73 -73 -73 -73 -73 -73 -73 -73 -73 -73 -73 -73 -73 -73 -73 -73 -73 -73 -73 -73 -73 -73 -73 -73 -73 -73 -73 -73 -73 -75 -75 -75 -75 -75 -76 -76 -76 -76 -76 -76 -76 -76 -76 -76 -76 -76 -76 -76 -76 -76 -76 -76 -76 -76 -76 -76 -76 -76 -76 -76 -76 -76 -76 -76 -76 -76 -76 -76 -76 -76 -76 -76 -76 -76 -76 -76 -76 -76 -74 -74 -74 -74 -74 -74 -74 -74 -74 -73 -73 -73 -73 -73 -73 -73 ];
Data_3_round_4_rsrp = [-73 -73 -73 -73 -73 -74 -74 -73 -73 -73 -73 -73 -73 -73 -73 -73 -73 -73 -73 -73 -73 -73 -73 -73 -73 -73 -73 -73 -73 -67 -67 -70 -70 -67 -67 -67 -67 -67 -67 -72 -72 -72 -72 -72 -72 -72 -72 -75 -75 -75 -75 -75 -75 -75 -75 -75 -75 -75 -75 -75 -75 -75 -78 -78 -78 -78 -78 -77 -77 -77 -77 -77 -77 -77 -77 -77 -77 -77 -77 -77 -77 -77 -77 -77 -77 -77 -77 -77 -77 -77 -77 -77 -74 -74 -74 -74 -74 -74 -74 -74 -74 -74 -74 -74 -74 -72 -72 -72 -72 -72 -72 -72 -72 -74 -74 -74 -74 -74 -74 -74 -74 -74 -74 -74 -74 -74 -74 -74 -74 -74 -74 -74 -74 -74 -74 -74 -74 -74 -74 -74 -74 -74 -74 -74 -74 -74 -74 -74 -74 -74 -74 -74 -74 -74 -74 -74 -74 -74 -74 -74 -73 -73 -73 -73 -73 -73 -73 -73 -73 -73 -73 -73 -73 -73 -73 -73 -73 -73 -73 -73 -73 -73 -73 -73 -73 -73 -73 -73 -73 -73 -73 -73 -74 -74 -74 -74 -74 -74 -74 -74 -74 -74 -74 -74 -74 -74 -74 -73 -73 ];
Data_3_round_5_rsrp = [-79 -79 -79 -74 -74 -74 -74 -74 -74 -74 -74 -74 -73 -73 -73 -73 -73 -73 -73 -73 -73 -73 -73 -73 -73 -73 -73 -73 -73 -73 -73 -73 -73 -73 -94 -97 -97 -97 -97 -97 -97 -96 -96 -96 -96 -96 -96 -99 -99 -99 -99 -101 -101 -98 -98 -98 -98 -98 -98 -98 -98 -98 -98 -98 -98 -98 -98 -98 -98 -98 -98 -98 -98 -98 -98 -98 -98 -98 -98 -98 -98 -98 -98 -98 -98 -98 -98 -98 -98 -98 -96 -96 -95 -95 -99 -99 -99 -99 -100 -100 -100 -100 -100 -100 -100 -100 -101 -101 -101 -101 -101 -101 -101 -101 -101 -101 -102 -102 -102 -103 -103 -99 -99 -99 -99 -99 -98 -98 -98 -98 -98 -98 -98 -98 -98 -98 -98 -98 -98 -98 -98 -98 -98 -98 -98 -98 -98 -74 -74 -76 -76 -76 -76 -76 -76 -76 -76 -76 -76 -76 -76 -76 -76 -76 -76 -77 -77 -77 -77 -77 -77 -77 -77 -77 -77 -77 -77 -77 -77 -77 -77 -77 -78 -78 ];
Data_3_round_6_rsrp = [-76 -76 -76 -75 -75 -75 -75 -77 -77 -77 -77 -77 -76 -76 -76 -76 -76 -76 -76 -76 -77 -77 -77 -77 -77 -77 -77 -77 -77 -77 -77 -77 -77 -76 -76 -76 -76 -76 -76 -76 -76 -76 -76 -76 -76 -76 -76 -76 -76 -76 -76 -76 -76 -76 -76 -76 -76 -76 -76 -76 -76 -76 -76 -76 -76 -97 -97 -97 -97 -97 -103 -103 -103 -103 -103 -103 -103 -103 -103 -103 -103 -103 -103 -103 -103 -103 -103 -103 -103 -103 -103 -103 -103 -103 -97 -97 -97 -97 -96 -96 -96 -96 -96 -96 -96 -96 -96 -96 -101 -101 -101 -101 -101 -101 -101 -101 -101 -101 -101 -101 -101 -101 -101 -101 -101 -101 -101 -101 -101 -101 -101 -101 -98 -98 -98 -98 -98 -98 -98 -98 -98 -98 -98 -98 -98 -98 -102 -102 -102 -102 -102 -102 -102 -73 -73 -73 -73 -73 -77 -77 -77 -77 -77 -77 -77 -77 -77 -77 -77 -77 -77 -77 -72 -72 -72 -72 -72 -97 -97 -97 -97 -97 -97 -97 -97 -97 -97 -97 -97 -97 -97 -75 -75 ];
Data_3_round_7_rsrp = [-74 -74 -76 -76 -76 -76 -76 -75 -75 -75 -75 -75 -74 -74 -74 -74 -74 -74 -73 -73 -73 -73 -73 -73 -73 -73 -73 -73 -73 -73 -73 -73 -73 -73 -73 -73 -73 -73 -73 -73 -73 -73 -73 -73 -73 -73 -73 -73 -73 -73 -78 -78 -78 -78 -78 -78 -78 -78 -78 -78 -78 -78 -78 -78 -78 -78 -78 -78 -78 -78 -78 -78 -78 -78 -78 -78 -78 -78 -78 -78 -78 -78 -78 -73 -73 -73 -73 -73 -73 -73 -73 -73 -73 -73 -73 -73 -73 -73 -73 -76 -76 -76 -76 -76 -76 -76 -76 -76 -76 -76 -76 -76 -76 -76 -76 -76 -76 -76 -76 -71 -71 -71 -71 -71 -71 -71 -71 -70 -70 -70 -70 -70 -70 -70 -70 -70 -70 -70 -70 -70 -70 -70 -70 -70 -70 -70 -70 -70 -70 -70 -70 -70 -70 -74 -74 -74 -74 -74 -74 -74 -74 -74 -74 -74 -74 -74 -74 -74 -74 -74 -74 -74 -74 -74 -74 -74 -73 -73 -73 -73 -73 -73 -73 -73 -73 -73 -73 -73 -73 -77 -77 -77 ];
Data_3_round_8_rsrp = [-78 -78 -78 -75 -75 -75 -75 -75 -75 -75 -75 -75 -75 -75 -73 -73 -73 -73 -73 -73 -73 -73 -73 -73 -73 -73 -73 -73 -73 -73 -73 -73 -73 -73 -73 -73 -73 -73 -73 -73 -73 -73 -73 -73 -78 -78 -80 -80 -80 -80 -80 -80 -80 -80 -80 -80 -80 -80 -80 -75 -75 -75 -75 -75 -75 -75 -73 -73 -73 -73 -73 -73 -73 -73 -73 -73 -73 -73 -73 -73 -73 -73 -73 -73 -73 -73 -73 -73 -73 -73 -73 -73 -73 -73 -73 -73 -73 -74 -74 -74 -74 -74 -74 -74 -75 -75 -75 -75 -75 -75 -75 -75 -75 -75 -75 -71 -71 -71 -71 -71 -71 -70 -70 -70 -70 -70 -70 -70 -70 -70 -70 -70 -70 -70 -70 -70 -70 -70 -70 -70 -70 -70 -70 -70 -70 -70 -70 -70 -70 -75 -75 -75 -75 -75 -75 -75 -75 -75 -75 -75 -75 -75 -75 -75 -75 -75 -75 -75 -75 -75 -75 -75 -75 -75 -74 -74 -74 -74 -74 -74 -74 -74 -74 -74 -74 -73 -73 -73 -73 -73 -75 -75 ];
Data_3_round_9_rsrp = [-73 -73 -74 -74 -74 -75 -75 -75 -75 -75 -75 -75 -75 -75 -75 -73 -73 -73 -73 -73 -73 -73 -73 -73 -73 -73 -73 -73 -73 -73 -73 -73 -73 -73 -73 -73 -73 -73 -73 -73 -73 -73 -73 -73 -73 -73 -73 -73 -73 -73 -73 -73 -73 -80 -80 -80 -80 -80 -80 -80 -80 -80 -80 -80 -80 -80 -80 -80 -80 -80 -80 -80 -80 -80 -80 -80 -80 -80 -80 -80 -80 -73 -73 -73 -73 -73 -73 -73 -73 -73 -73 -73 -73 -73 -71 -71 -71 -71 -71 -71 -71 -71 -71 -71 -71 -71 -71 -72 -72 -72 -72 -72 -72 -72 -72 -72 -72 -72 -72 -72 -72 -72 -72 -72 -76 -76 -76 -76 -76 -76 -76 -73 -73 -73 -73 -73 -73 -73 -73 -73 -73 -73 -75 -75 -75 -75 -75 -75 -75 -75 -75 -75 -75 -75 -75 -75 -75 -75 -75 -75 -75 -75 -75 -75 -75 -75 -75 -76 -76 -76 -76 -76 -76 -76 -76 -76 -76 -76 -76 -76 -76 -76 -76 -76 -74 -74 -74 -74 -74 -74 -74 -74 -74 -74 -74 -74 -74 -74 -74 -74 -74 -74 -76 -76 -76 -76 -76 ];
