altitude = [58.87250518798828 59.501365661621094 60.354820251464844 62.357666015625 64.82554626464844 66.89180755615234 68.5960693359375 70.64647674560547 71.86456298828125 73.53712463378906 74.3060302734375 74.77899169921875 76.08956146240234 76.5255355834961 77.00114440917969 77.57451629638672 77.84931945800781 78.63407135009766 78.79788970947266 78.91150665283203 79.15724182128906 79.10968017578125 79.63021087646484 79.6513442993164 79.70155334472656 79.7755355834961 80.6131362915039 81.8787841796875 83.123291015625 85.02044677734375 86.65337371826172 89.04991149902344 90.71190643310547 92.96576690673828 95.01616668701172 97.06393432617188 99.1566162109375 100.93486022949219 101.98384857177734 103.14380645751953 103.32876586914062 103.93119812011719 104.65518188476562 105.68302917480469 106.24054718017578 106.71880340576172 107.14949035644531 107.93952941894531 108.00294494628906 107.61717224121094 107.46392059326172 107.58018493652344 108.40985870361328 108.65294647216797 109.12855529785156 109.05721282958984 108.21168518066406 108.39400482177734 109.75212860107422 109.99522399902344 109.99522399902344 107.8681869506836 106.0793685913086 104.66575622558594 103.5242919921875 101.80945587158203 100.35620880126953 98.84217834472656 97.151123046875 95.5102767944336 93.94340515136719 92.4478759765625 90.9259262084961 89.52816772460938 87.50682830810547 86.30987548828125 85.04686737060547 83.38488006591797 82.09281158447266 81.1125259399414 80.66069793701172 79.93142700195312 79.7174072265625 79.2550048828125 78.60236358642578 78.40947723388672 78.08975982666016 78.1954574584961 79.13874816894531 79.34484100341797 79.31578063964844 79.173095703125 78.91679382324219 78.85602569580078 78.83488464355469 78.9062271118164 79.02777099609375 78.92736053466797 78.92208099365234 79.37126922607422 79.96049499511719 81.00154876708984 82.6106948852539 84.32024383544922 86.19625854492188 88.20174407958984 89.8108901977539 92.51921844482422 94.27633666992188 96.38751220703125 98.0679931640625 99.90966033935547 101.52409362792969 102.77388763427734 103.84928894042969 104.49665069580078 105.37388610839844 105.8125 106.18241882324219 106.51799011230469 107.9368896484375 108.25924682617188 108.52347564697266 108.49969482421875 108.77449035644531 108.84318542480469 109.01493835449219 109.00701141357422 103.66961669921875 102.35376739501953 101.19644927978516 99.54766845703125 98.20011138916016 96.7653579711914 95.06372833251953 94.69645690917969 82.53935241699219 81.6700439453125 80.84565734863281 80.0899658203125 79.56414794921875 79.2999267578125 78.8243179321289 78.591796875 78.31964111328125 78.17960357666016 78.33020782470703 78.37248992919922 78.32228088378906 75.76191711425781 74.52533721923828 72.97431945800781 71.3017578125 69.99647521972656 68.22087097167969 66.64871978759766 65.58123779296875 64.3314437866211 62.3867301940918 61.21884536743164 59.47758483886719 58.00584030151367 ];
latitude = [37.4499762763741 37.4499762763741 37.44996881737555 37.44996881737555 37.449964288833655 37.449964288833655 37.44995932834631 37.44995932834631 37.449956012429645 37.449956012429645 37.44994999309878 37.44994999309878 37.449948059555965 37.449948059555965 37.44994627417736 37.44994627417736 37.44993469121613 37.44993469121613 37.44992972604143 37.44992972604143 37.449927085252526 37.449927085252526 37.44992832791745 37.44992832791745 37.449929625406526 37.449929625406526 37.449928235072925 37.449928235072925 37.44992661913488 37.44992661913488 37.4499321676176 37.4499321676176 37.44994137469606 37.44994137469606 37.44995688443256 37.44995688443256 37.44999310578366 37.44999310578366 37.45002539192658 37.45002539192658 37.45006718735343 37.45006718735343 37.45010584323347 37.45010584323347 37.450139685816964 37.450139685816964 37.45018288433543 37.45018288433543 37.450216236535624 37.450216236535624 37.45023793946482 37.45023793946482 37.45025463139283 37.45025463139283 37.45026593688744 37.45026593688744 37.450283916667196 37.450283916667196 37.45030141568934 37.45030141568934 37.4502982285052 37.4502982285052 37.45030247049642 37.4507721 37.4503099711643 37.4503099711643 37.45031555081039 37.45031555081039 37.450320447293514 37.450320447293514 37.45032498395647 37.45032498395647 37.450328423284546 37.450328423284546 37.450331993813755 37.450331993813755 37.45033107898127 37.45033107898127 37.45033161246021 37.45033161246021 37.450285672833154 37.450285672833154 37.450285513403564 37.450285513403564 37.450274692932496 37.450274692932496 37.450271701277764 37.450271701277764 37.450274221500656 37.450274221500656 37.45027712898311 37.45027712898311 37.45027907426289 37.45027907426289 37.45027907426289 37.45027907426289 37.45027907426289 37.45027907426289 37.45027907426289 37.45027907426289 37.45027907426289 37.45027907426289 37.45027907426289 37.45027907426289 37.45027907426289 37.4500067 37.4500067 37.4500067 37.4500067 37.4500067 37.4500067 37.4500067 37.4500067 37.4500067 37.4500067 37.4500067 37.4500067 37.4500067 37.4500067 37.4500067 37.4500067 37.4500067 37.4500067 37.4500067 37.4500067 37.4500067 37.4500067 37.4500067 37.4500067 37.4500067 37.4500067 37.4500067 37.4500067 37.4500067 37.4500067 37.4500067 37.4500067 37.4500067 37.4500067 37.4500067 37.4500067 37.4500067 37.4500067 37.4500067 37.4500067 37.4500067 37.4500067 37.4500067 37.4500067 37.4500067 37.4500067 37.4500067 37.4500067 37.4500067 37.4500067 37.4500067 37.4500067 37.4500067 37.4500067 37.4500067 37.4500067 37.4500067 ];
